from geometry_msgs.msg import (
    Pose,
    Point,
    Quaternion,
)

import copy

hover_distance = 0.15

user_data = {
    'right_start_joint_angles' :    {'right_w0': -0.6699952259595108,
                                    'right_w1': 1.030009435085784,
                                    'right_w2': 0.4999997247485215,
                                    'right_e0': -0.189968899785275,
                                    'right_e1': 1.9400238130755056,
                                    'right_s0': 0.08000397926829805,
                                    'right_s1': -0.9999781166910306}

    'pick_goal_pose' : Pose(Point(x=0.6,
                                  y=-0.4,
                                  z=-0.12),
                            Quaternion(x=0.0,
                                       y=0.0,
                                       z=0.0,
                                       w=1.0))
    'place_goal_pose': Pose(Point(x=0.6,
                                 y=-0.7,
                                 z=-0.12),
                           Quaternion(x=0.0,
                                      y=0.0,
                                      z=0.0,
                                      w=1.0))
    'hover_distance' : hover_distance

    'place_hover_goal_pose': Pose(Point(x=0.6,
                                      y=-0.7,
                                      z=-0.12 + hover_distance),
                                Quaternion(x=0.0,
                                           y=0.0,
                                           z=0.0,
                                           w=1.0))

    'pick_hover_goal_pose': Pose(Point(x=0.6,
                                      y=-0.4,
                                      z=-0.12 + hover_distance),
                                Quaternion(x=0.0,
                                           y=0.0,
                                           z=0.0,
                                           w=1.0))
}


